0 0 -0.571826618478 1 -0.877175077499 2 0.362579848934 3 1.46472097916 4 -0.815986153805 5 0.411965095836 6 0.0892357982975 7 0.69340729544 8 -0.73569212656 9 0.835308825498
1 0 -1.05915134753 1 -0.581330149897 2 0.787838614384 3 0.24931368327 4 -0.0110704571563 5 -2.23398693566 6 0.052150995153 7 0.68159990685 8 -0.087099861135 9 -0.492103430257
2 0 -0.866030920988 1 -1.33694751161 2 -0.69634888773 3 -1.07208860311 4 1.59474875898 5 0.688474637736 6 1.46989748776 7 -1.48079309175 8 -1.09094379192 9 -0.748810235193
3 0 0.00630292831871 1 -0.433425371561 2 1.49028008595 3 0.537880966452 4 -0.62366928632 5 2.2759728071 6 -1.72026095536 7 -0.9508396392 8 0.578347961924 9 -0.1614860408
4 0 0.965919901516 1 -1.01940775516 2 0.143916756329 3 0.643795890463 4 0.464754398314 5 1.73910317458 6 1.19279487168 7 0.392288785701 8 0.593087472905 9 -2.55460664681
5 0 -0.698791189497 1 -2.60551182964 2 0.147253179974 3 0.0595676522286 4 -2.93799905547 5 0.936520344679 6 1.13812021763 7 -0.452183874453 8 -0.223720422699 9 0.177150009124
6 0 -0.1410180616 1 1.03135503089 2 0.544327813474 3 1.8485233503 4 -1.94011894266 5 0.646851678563 6 0.550181855589 7 0.932993010274 8 1.72690321143 9 -0.243131078015
7 0 -1.74589483247 1 0.233830364101 2 0.929661973576 3 -0.111770527667 4 0.54798823154 5 -0.368837615871 6 -0.167074110911 7 -0.264998868668 8 -0.451669731284 9 0.505415427449
8 0 -0.180554525756 1 0.459209274721 2 0.905313028576 3 0.564275899433 4 1.00239380544 5 -0.524241542602 6 -1.01516779327 7 0.759753151038 8 -0.3028431878 9 0.292389949695
9 0 -0.0421212612641 1 0.230473978324 2 -0.0325308699765 3 -0.109417522687 4 0.468346841537 5 1.28930348155 6 -0.599542969071 7 0.0685338075637 8 0.422303841685 9 0.528648151143
