0 0 0.122734651639 1 0.0304293344988 2 -0.785396682914 3 1.90253725304 4 1.99218366067 5 -0.523587326851 6 -1.51572855674 7 0.936406414064 8 0.349373397266 9 0.024231236621
1 0 0.237965269506 1 -0.402331345994 2 1.52869398717 3 0.156975301631 4 -1.13034019919 5 0.931237061059 6 -0.429775001969 7 0.40836545018 8 -0.824338526235 9 1.36460038346
2 0 -0.156293180306 1 -0.399544273379 2 0.609583892177 3 0.353981400423 4 1.56189987077 5 -0.423567644358 6 1.3207291381 7 0.579174396875 8 -0.370731184531 9 1.42915108661
3 0 0.389369402272 1 -0.817233573039 2 1.40962437308 3 -1.94050164739 4 0.0966647520343 5 -2.08931971822 6 -0.773568673285 7 0.984746867514 8 0.442951300263 9 -0.845709533392
4 0 0.529890701699 1 0.252435852902 2 -0.632329057263 3 0.973019079645 4 -0.98013377412 5 -0.181945519326 6 2.353676378 7 0.117227090226 8 -0.494983890707 9 0.774652592088
5 0 0.720296478717 1 -2.09213731269 2 0.0149838643772 3 -1.32226029473 4 1.30491092659 5 1.01571036012 6 -0.745776901664 7 0.625296424881 8 1.06642882731 9 0.142985957791
6 0 -0.549987736859 1 0.247090619187 2 -0.675232799931 3 -0.977628146002 4 -0.250279657116 5 1.61054039884 6 0.383312288548 7 -1.68356032957 8 -1.53563695215 9 -0.777254249205
7 0 -1.76549789592 1 -1.71266609868 2 -0.39119576902 3 -0.0872940018265 4 0.257798703484 5 0.0393974588656 6 -1.65267611255 7 0.603578344801 8 0.293412369645 9 1.96827795027
8 0 -1.47816301702 1 -0.139387378272 2 0.16627567062 3 -0.854196524633 4 1.66559278981 5 -0.156021250907 6 0.381997548833 7 -0.349792534141 8 -0.174379646352 9 0.804808670331
9 0 -1.15660979673 1 0.413996654056 2 -0.091742880551 3 -0.421262246411 4 1.25729112779 5 0.688885347308 6 1.33507723506 7 -0.203193033876 8 -0.196850121447 9 -1.00659318021
10 0 0.458629724794 1 0.339831642326 2 0.878346122049 3 0.640980117934 4 0.308058407101 5 0.157016023798 6 0.619659695758 7 1.2127651565 8 1.50613118851 9 -0.319162597518
11 0 0.211071760424 1 -0.627431028664 2 -1.11184815191 3 0.170648424384 4 -1.97790786231 5 1.04499154617 6 1.57426659995 7 -0.330362846611 8 1.16358516603 9 -0.448482139253
12 0 -0.287148567362 1 -1.62071975846 2 -1.80333092906 3 -0.663657046115 4 0.30488223698 5 1.56709608906 6 0.0551649587391 7 2.16893781173 8 -0.217883042627 9 -0.193585844788
13 0 -0.497226531536 1 0.87208350866 2 0.2830682733 3 -2.42815771772 4 0.563339499243 5 0.612584521122 6 0.215226518428 7 -0.170495076339 8 -0.371388175943 9 -0.162698243022
14 0 -0.481708931783 1 -1.1152626939 2 -0.732866241775 3 -0.100897843384 4 1.24160984971 5 -0.055538150608 6 -0.637183560704 7 -1.64475415702 8 0.778335937702 9 0.377034541169
15 0 -0.478881364037 1 0.888683169234 2 0.509235235316 3 0.551665930541 4 0.40719130383 5 0.335479352846 6 -1.37283031765 7 -1.09855898456 8 1.59683496748 9 -0.764411805702
16 0 -0.910686759539 1 -0.241517409881 2 0.185821951791 3 1.67258747813 4 -0.964836905937 5 0.221393164904 6 0.893893114167 7 -0.791015145479 8 -0.96068848057 9 0.192428799658
17 0 0.267209715679 1 0.603863583346 2 -1.02775801238 3 -1.22464321734 4 -0.772115305952 5 -0.0328461441718 6 -0.301669722767 7 -0.465623612698 8 -0.355371174794 9 -1.63114632558
18 0 -0.856443853253 1 -0.785355571877 2 0.812335276426 3 -0.0924998948648 4 1.5331877157 5 -0.702021607182 6 1.15493440385 7 1.24534566229 8 -0.551139620649 9 0.162982917657
19 0 0.520665175628 1 -0.162959191684 2 -0.120088601554 3 -1.57286111712 4 0.811243312092 5 -0.00624287262528 6 1.22884012785 7 -1.40372684826 8 0.955636882912 9 0.620078146153
20 0 -1.10919368908 1 -0.641608309978 2 1.21893265481 3 0.97544369255 4 0.308379096895 5 2.26063068888 6 -0.417552890945 7 0.565552917653 8 0.938759926778 9 -1.84525582108
21 0 -0.734809920676 1 0.213707002549 2 0.222492090383 3 1.08830077212 4 1.32010226247 5 0.913580162791 6 -1.09947583851 7 1.12468554007 8 0.459779904629 9 1.32476042753
22 0 -1.10376467864 1 0.184432754461 2 -0.66647711528 3 -0.498038911019 4 0.0581981305926 5 -0.139709419004 6 -0.730735959514 7 -0.68268625977 8 0.32835649208 9 -1.08993449644
23 0 0.865320457172 1 0.637509820528 2 2.21019325408 3 -1.00741113729 4 -0.0121812169272 5 0.245232815243 6 -0.749706456606 7 -0.280442926472 8 -1.79786813074 9 -0.633773140819
24 0 0.1139278961 1 0.686196237634 2 0.620981209828 3 -0.462690655484 4 -0.563144471166 5 -0.964324713252 6 0.843455889742 7 -0.72137913251 8 -1.69407185545 9 0.0523097561672
25 0 0.0536490414222 1 -1.53093423586 2 -0.503171290321 3 0.660968580669 4 -1.43210106451 5 0.346676574218 6 3.567383826 7 0.997860373521 8 -0.748858347534 9 -0.277872211854
26 0 0.668484490466 1 1.59761076601 2 1.89610320461 3 1.20986026167 4 -0.524511022804 5 -1.22027443625 6 -1.09431404789 7 -0.506544676656 8 1.11858983205 9 -2.48558674612
27 0 -0.805378942845 1 0.719418954454 2 1.32128765937 3 -0.038415419877 4 -0.575753691826 5 0.74158349514 6 0.449113135406 7 -0.0624316849608 8 0.484999770573 9 -1.11984287402
28 0 -0.771291208078 1 0.0455518973462 2 -1.18557336818 3 0.599742672844 4 -1.25470497053 5 0.773500659444 6 0.18223407513 7 -1.6099559331 8 1.92925308942 9 0.463396521392
29 0 -0.394112721302 1 0.753845361471 2 2.08609353087 3 1.31276308283 4 -0.821503222949 5 0.465841707219 6 -1.35167351331 7 0.560670474889 8 0.545360518741 9 -0.112818038273
30 0 0.0836349915689 1 -0.755305662189 2 -0.017618559031 3 1.02026412276 4 -1.79809135961 5 0.947391163376 6 0.844752801303 7 -0.740505487797 8 1.9088082563 9 -1.11006961396
31 0 0.258736353433 1 0.30964970693 2 -0.426412748477 3 1.19353140629 4 0.52012995398 5 -0.916116954825 6 0.833202905308 7 -0.0141104846015 8 -0.983944106726 9 0.717331421967
32 0 1.65903383575 1 1.09668500735 2 0.321033639103 3 -1.35076787379 4 -1.58837655118 5 -1.17959424598 6 -0.524585097937 7 -1.61382221445 8 -1.02592620439 9 1.33361335881
33 0 -1.8396299222 1 0.893651770735 2 0.537468009871 3 -1.2484600311 4 0.0265514888398 5 -0.0120603749855 6 -0.525658528059 7 0.332645013482 8 -1.19857289944 9 1.25826259494
34 0 0.0639992445473 1 -0.157701254913 2 -0.64771729887 3 0.26005027301 4 -0.516161974707 5 1.43007201557 6 0.0844313331503 7 -2.09854968276 8 0.162918896229 9 0.286960587012
35 0 -0.603483504607 1 -0.439407439809 2 -0.136312026672 3 1.63644648653 4 -0.897882720959 5 0.422587849046 6 -0.154860810727 7 -0.464871472244 8 0.454854940366 9 -0.172300379462
36 0 -0.0840608815699 1 -1.58208530429 2 0.358008471905 3 -0.555854698058 4 0.957489863748 5 0.392734321876 6 1.48752061158 7 -0.312961441188 8 0.648017257096 9 0.438836456219
37 0 -1.21888922139 1 -0.538388353026 2 0.355549837899 3 2.30540944049 4 0.986657457528 5 -0.787917407857 6 0.273879008091 7 1.48526162098 8 0.0836510361683 9 -1.15966044882
38 0 -1.17402023386 1 -0.151381544216 2 1.76948341856 3 -1.37027794419 4 1.47503222369 5 0.77511006439 6 -0.298818677054 7 -1.36719209564 8 -0.830294307965 9 -0.537555536749
39 0 -1.43547075802 1 0.270585007602 2 -0.0872053841269 3 0.1970879617 4 -0.499522794683 5 -1.4428044056 6 -2.87160429929 7 0.789489606079 8 -1.83061257817 9 0.522626438637
40 0 1.16489254043 1 0.150600001462 2 -0.583040823383 3 0.0819719840243 4 0.956729704105 5 0.571263086835 6 -1.1652314942 7 0.969304018481 8 1.12711211972 9 0.110101426707
41 0 -0.455855625161 1 -0.227676144479 2 -0.126125248817 3 -1.23858985725 4 0.152547343299 5 -1.385057389 6 0.269487864856 7 1.01917199191 8 -1.2918761044 9 0.342886544825
42 0 -0.248333592125 1 0.339696753522 2 -0.663626657145 3 -1.29247027466 4 0.729296030704 5 -1.2210244117 6 0.842712945226 7 -0.531762857423 8 0.427022612964 9 1.5069994888
43 0 0.0888473387898 1 -1.38029989262 2 -0.149097742363 3 -1.18727971596 4 -0.442822344142 5 1.56193581809 6 0.384370576495 7 -0.531562246597 8 0.108737815712 9 0.461852116292
44 0 -0.568779675109 1 -1.63317381661 2 1.07242459472 3 1.01935727247 4 -0.845012553312 5 -1.00535253989 6 -0.858100234312 7 -0.208684697936 8 0.433613606189 9 -0.0294010822384
45 0 -0.720190897956 1 -0.463973583567 2 -0.50726557026 3 0.476462458463 4 -0.345044684737 5 -0.428563427298 6 -0.682525267033 7 -0.970761700805 8 -0.57612008353 9 -0.852016380953
46 0 0.666442926632 1 -0.771631211794 2 -0.532469273002 3 0.28199261347 4 1.22203184615 5 -1.19650544926 6 0.292658065151 7 0.961143396617 8 0.362911985145 9 -0.498258249827
47 0 0.514833445336 1 -0.0510518364371 2 -0.282086733726 3 -0.641496034616 4 1.36355816928 5 0.860787260414 6 1.13734428888 7 0.909754871636 8 0.199345364326 9 -1.05319777757
48 0 1.17090606823 1 0.827496226249 2 1.9164504503 3 -1.76107559704 4 0.200058064989 5 -0.44343228034 6 0.506142750829 7 -1.70750877191 8 -0.116053314664 9 -0.939422453938
49 0 -0.61257984363 1 -0.0253484178736 2 -0.289970966507 3 0.251998022219 4 -0.0178857566775 5 -0.37671828281 6 -0.748016896439 7 1.35275204153 8 -1.51974810241 9 0.349369315537
50 0 -1.29001274332 1 -1.72991742386 2 0.270938661537 3 0.0980940547769 4 -0.594911200127 5 -1.371306785 6 -1.03278402029 7 -0.00896904373075 8 0.457051772279 9 1.11225345262
51 0 0.585122683368 1 1.36679510956 2 -1.6578297832 3 0.632174262162 4 0.840286789218 5 0.755923904895 6 0.0642773468518 7 -1.53026676048 8 0.278910554763 9 1.7458420228
52 0 -2.040511697 1 -0.537896329056 2 -1.34742825072 3 -0.238113623695 4 -1.05578789446 5 1.59952723778 6 0.406660826175 7 -0.0961008660946 8 0.847674167589 9 -0.424633102001
53 0 1.09031559413 1 1.03695243627 2 -0.934436863041 3 -1.14787599823 4 -0.223667650271 5 1.53253135881 6 -1.68888468057 7 -0.883997209066 8 -0.326311124039 9 -0.413940172341
54 0 0.26619233688 1 -1.02670535654 2 -0.84753055417 3 1.0352607992 4 -0.227270998934 5 -0.169746782227 6 -0.383238311874 7 -0.593472465343 8 1.23368709604 9 -0.445044373978
55 0 1.17582502941 1 0.824252562865 2 -0.504043992219 3 -1.79530746245 4 1.02982100736 5 0.847744566271 6 -0.00970144495782 7 -1.07634817016 8 0.602760916708 9 0.0984444048229
56 0 1.10758015014 1 -1.31029550513 2 -1.40115258836 3 -1.20448104787 4 -0.513879519959 5 1.400048339 6 -0.577542404511 7 1.1046194694 8 -0.640054438364 9 -0.500554213057
57 0 -0.161325755354 1 -0.444731911987 2 -0.133240344882 3 0.343371194194 4 -0.941948495199 5 -1.5728012862 6 0.355693591452 7 0.246600391778 8 0.737602129031 9 0.101602764563
58 0 1.15851584133 1 1.32144315465 2 0.944679428251 3 -1.00673136658 4 0.896148489354 5 0.66927019295 6 -0.954378395519 7 -0.150779245326 8 1.23708534993 9 0.61324848432
59 0 1.01324750568 1 0.537769269982 2 -1.38497618983 3 0.0188779781081 4 -0.0981289001424 5 -0.785668176562 6 1.96554929075 7 -0.175158209915 8 0.763302663374 9 0.829342420449
60 0 -0.0780424874042 1 0.547225707345 2 0.828123943642 3 0.290167845239 4 1.3038109015 5 1.85194647621 6 -0.557744314893 7 0.664001504933 8 0.318574382701 9 -0.870784576078
61 0 1.07100870289 1 0.409037215695 2 -1.1166483326 3 -0.132625878295 4 1.57001528601 5 -1.27004412253 6 -0.257021412803 7 0.0197953068858 8 -1.56736975023 9 1.50133332944
62 0 0.265011231909 1 -0.162281131811 2 0.703743353492 3 -0.794244317833 4 1.06926079125 5 -0.0410019321434 6 -0.133207979114 7 -0.713227308084 8 0.421693211875 9 -1.56599413322
63 0 2.03723029334 1 0.801395096118 2 -0.0223285849987 3 -0.0893741615154 4 0.532884812555 5 -0.861469273917 6 -1.27637199274 7 1.09805889975 8 -0.779926199434 9 -0.399877869499
64 0 -0.399623295348 1 -0.858517836382 2 0.566576784557 3 -1.22915148407 4 -0.359787912373 5 0.77848453259 6 1.31913606885 7 -1.11191075657 8 -0.254219988212 9 0.281613042514
65 0 1.04391522428 1 -1.24528648394 2 0.897041733735 3 1.29124267636 4 -0.555949373277 5 0.630110242015 6 -0.213064785791 7 -0.843985802601 8 0.0114968393019 9 -0.270073770723
66 0 0.704130290697 1 0.041080718144 2 1.49720123259 3 -0.374006349831 4 -0.693895363175 5 1.03646376241 6 0.210109561362 7 -0.13136146021 8 -0.675506742201 9 -1.21006867248
67 0 0.575124533366 1 -0.831374236382 2 1.6320567287 3 -0.164660057376 4 -0.639148129977 5 1.64019137448 6 0.468097697525 7 1.00924141847 8 0.877294262231 9 0.4633788017
68 0 1.14073747969 1 0.670318794817 2 -0.769383409399 3 -0.375805843459 4 0.177386346358 5 -0.503419220974 6 -0.939032433961 7 0.0618842453637 8 1.85050044773 9 -0.387247465971
69 0 -0.548313033424 1 -0.704253440972 2 1.69356871278 3 -0.548780833028 4 1.29121007899 5 1.19040548161 6 1.30625791261 7 0.523143106537 8 -2.42687016277 9 0.139075010368
70 0 -0.00439059272956 1 0.747595753379 2 1.86179778664 3 0.771819087803 4 1.05255056605 5 -0.438014300765 6 -2.16475616808 7 0.440410677693 8 -0.218621673782 9 -1.45019569016
71 0 0.543275756548 1 -1.10234546904 2 -1.20056619588 3 -0.485738487 4 -1.16778468291 5 -0.154714126986 6 0.654491413787 7 0.138160871943 8 0.806995413865 9 -1.06814842155
72 0 2.09731064965 1 -0.0462503636581 2 -1.26359009114 3 -1.61829799398 4 1.03832157206 5 0.635902891201 6 0.232622727699 7 1.07701987075 8 -0.0834136548098 9 -0.477006113305
73 0 -1.46525425729 1 -0.916378499894 2 -1.05530124368 3 -1.42307301163 4 0.341779466371 5 2.85598520879 6 0.300818313569 7 -0.144899195445 8 -1.27765557898 9 0.334831618767
74 0 0.00869836328159 1 -0.676058668011 2 0.610006344312 3 0.541884733746 4 -0.447626281597 5 -0.898921342262 6 -1.056934776 7 0.151227800154 8 -0.441606846931 9 -0.0475644967505
75 0 0.310701921988 1 1.76734784612 2 -1.57620211174 3 1.22125794423 4 -0.57439487073 5 -1.73419238726 6 -0.527299024921 7 -1.14537997678 8 0.574716622768 9 -0.979115112309
76 0 0.640423070133 1 -1.73716978467 2 1.01231968651 3 0.836607636342 4 0.446461903718 5 -1.41013658445 6 0.24230573934 7 0.19101476715 8 0.250301856552 9 -0.746106804912
77 0 -1.46395782265 1 0.172756968913 2 -0.678230505084 3 -1.99893398939 4 0.125202761176 5 0.944554207875 6 0.106757808329 7 0.43563651241 8 0.616057811956 9 0.587794423957
78 0 -0.0960855481635 1 -0.512854815606 2 -0.344416611389 3 0.555441298933 4 1.01154200841 5 1.24845375446 6 -0.39404788653 7 -1.46596917405 8 0.458685352928 9 0.823397105861
79 0 -0.562301946889 1 2.20339764263 2 0.921440198739 3 1.64479105481 4 -0.13276054023 5 -0.377710159602 6 0.406732064595 7 -0.484281066737 8 1.59196398048 9 0.215605624285
80 0 -0.334411461556 1 -0.962087770059 2 1.16139142634 3 -0.332618024206 4 0.89178619668 5 0.123589147992 6 0.712097065409 7 -1.79843155271 8 -0.857599590831 9 -1.36954528786
81 0 0.0833413642936 1 -0.928762635286 2 0.58633560624 3 0.410236339819 4 -0.411664800343 5 -0.663158512143 6 -0.44164663903 7 1.82033347409 8 0.205579872012 9 -0.81651575352
82 0 0.726271172629 1 0.938459343379 2 0.0888731466919 3 0.543089974336 4 0.442683744179 5 -0.74468307618 6 1.34258237364 7 1.09452437795 8 -0.256046745644 9 -0.0780866611642
83 0 -0.473254712685 1 -0.143705011784 2 0.622758217403 3 -0.924947222927 4 -0.82767311932 5 -0.958521390184 6 1.71693704066 7 0.447327533932 8 0.924289343806 9 -0.346205748371
84 0 0.856224465252 1 -1.79520157233 2 0.744609424614 3 0.617818702953 4 -0.272660993289 5 0.392643147125 6 -0.342270903424 7 0.00310376398823 8 0.667195297876 9 -2.68430700857
85 0 -1.06334905726 1 -0.370076149144 2 -0.389129829468 3 -0.330103100243 4 0.0369924528191 5 0.508493391482 6 -0.427913687406 7 0.880877077433 8 -0.484374037632 9 1.24325295186
86 0 -0.736522077933 1 -0.982345786787 2 -0.18837954281 3 -0.125287811431 4 1.75920556366 5 -2.16193202567 6 0.41218326617 7 0.415960977831 8 -0.303220448487 9 0.47954295149
87 0 1.26213191185 1 1.07915798089 2 -1.03039473918 3 1.51091397724 4 0.394436897995 5 2.11845112128 6 0.498240791313 7 0.243824853892 8 -1.39176544627 9 -1.33936692801
88 0 -1.03336479519 1 2.04706364279 2 1.03713155506 3 1.3406887731 4 -0.962726141503 5 1.4196442788 6 -1.68821175673 7 0.942594632691 8 1.70245802785 9 0.214952096473
89 0 1.17767882908 1 -0.0838740490905 2 -0.806007209546 3 -0.000613902704559 4 1.48198866674 5 0.0786038688714 6 -1.40500727416 7 1.76293599729 8 1.70789384508 9 -0.851254822077
90 0 -0.775779852881 1 0.707619050973 2 1.19681593524 3 0.125178766187 4 0.000812586246546 5 0.593290696815 6 -0.756250409628 7 -1.3049970483 8 -1.04930958213 9 -0.555912092519
91 0 -0.432154588143 1 1.42037151242 2 -0.470248709125 3 0.422207820395 4 -0.82855241688 5 -1.00469657745 6 1.14751980995 7 0.267983464128 8 0.707577843208 9 0.629854694641
92 0 -1.38281384352 1 0.841268904355 2 1.7693537061 3 0.200705036868 4 -0.127521500481 5 -1.57479800612 6 -0.351465399962 7 0.556519621548 8 0.225733785172 9 -1.00047337674
93 0 1.00503775005 1 0.251466252809 2 0.843001244324 3 -0.881632423026 4 0.625444342595 5 0.048355626193 6 1.48182379871 7 0.618985965105 8 0.285688228113 9 1.0701692436
94 0 -0.55527796817 1 1.42198113341 2 1.25252781555 3 0.52929407284 4 -0.4971813247 5 -0.243811577772 6 -0.41920805816 7 -0.818666734133 8 0.22179343661 9 -0.430269023233
95 0 -0.083804188566 1 0.659455832738 2 0.111012420887 3 0.738661104227 4 0.233030026649 5 -0.572250742162 6 -0.538538791185 7 0.196175374223 8 0.308075174494 9 -0.224468954359
96 0 0.0494376719718 1 -0.398850433249 2 -0.445225894408 3 1.23135543994 4 -1.14473464648 5 1.34638557022 6 0.136084690954 7 -1.19889206349 8 1.22284640774 9 0.92747900961
97 0 0.350012991211 1 0.994635319008 2 0.142913441169 3 -0.851845276581 4 1.37179022493 5 -2.37746524223 6 0.963940820979 7 -0.675012326489 8 -1.2798530007 9 -0.218700122432
98 0 -1.20593636726 1 -1.32603314931 2 1.49277253978 3 0.325893187591 4 -0.576585100307 5 1.27155701593 6 0.00355810982212 7 -0.0202188786471 8 -0.389942900951 9 -0.325507379688
99 0 -2.27820441381 1 1.51599565852 2 0.989474389215 3 -0.685820497572 4 1.16386053521 5 -1.59806048095 6 -1.92653216899 7 -0.360779073751 8 1.11659838664 9 -1.5830916482
